0 0 0 0 0 0 0 0 0 0 0 0 0 0 0 0 0 0 0 0 0 0 0 0 0 0 0 0 0 0 0
0 0 0 0 0 0 0 0 0 0 0 0 0 0 0 0 0 0 0 0 0 0 0 0 0 0 0 0 0 0 0
0 0 0 0 0 0 0 0 0 0 0 0 0 0 0 0 0 0 0 0 0 0 0 0 0 0 0 0 0 0 0
0 0 0 15,0xFFFF00 15,0xFFFF00 15,0xFFFF00 15,0xFFFF00 15,0xFFFF00 15,0xFFFF00 0 0 0 15,0xFFFF00 15,0xFFFF00 15,0xFFFF00 15,0xFFFF00 15,0xFFFF00 15,0xFFFF00 0 0 0 15,0xFFFF00 15,0xFFFF00 15,0xFFFF00 15,0xFFFF00 15,0xFFFF00 15,0xFFFF00 15,0xFFFF00 0 0 0
0 0 0 15,0xFFFF00 15,0xFFFF00 -5,0xFF0000 -5,0xFF0000 -5,0xFF0000 15,0xFFFF00 0 0 0 15,0xFFFF00 0 0 0 0 15,0xFFFF00 0 0 0 15,0xFFFF00 0 0 0 0 0 15,0xFFFF00 0 0 0
0 0 0 15,0xFFFF00 15,0xFFFF00 -5,0xFF0000 -5,0xFF0000 -5,0xFF0000 15,0xFFFF00 0 0 0 15,0xFFFF00 0 0 0 0 15,0xFFFF00 0 0 0 15,0xFFFF00 0 0 0 0 0 15,0xFFFF00 0 0 0
0 0 0 15,0xFFFF00 15,0xFFFF00 -5,0xFF0000 -5,0xFF0000 -5,0xFF0000 15,0xFFFF00 0 0 0 15,0xFFFF00 15,0xFFFF00 15,0xFFFF00 15,0xFFFF00 15,0xFFFF00 15,0xFFFF00 0 0 0 15,0xFFFF00 0 0 0 0 0 15,0xFFFF00 0 0 0
0 0 0 15,0xFFFF00 15,0xFFFF00 -5,0xFF0000 -5,0xFF0000 -5,0xFF0000 15,0xFFFF00 0 0 0 15,0xFFFF00 15,0xFFFF00 15,0xFFFF00 15,0xFFFF00 15,0xFFFF00 15,0xFFFF00 0 0 0 15,0xFFFF00 0 0 0 0 0 15,0xFFFF00 0 0 0
0 0 0 15,0xFFFF00 15,0xFFFF00 -5,0xFF0000 -5,0xFF0000 -5,0xFF0000 15,0xFFFF00 0 0 0 15,0xFFFF00 0 0 0 0 15,0xFFFF00 0 0 0 15,0xFFFF00 0 0 0 0 0 15,0xFFFF00 0 0 0
0 0 0 15,0xFFFF00 15,0xFFFF00 -5,0xFF0000 -5,0xFF0000 -5,0xFF0000 15,0xFFFF00 0 0 0 15,0xFFFF00 0 0 0 0 15,0xFFFF00 0 0 0 15,0xFFFF00 0 0 0 0 0 15,0xFFFF00 0 0 0
0 0 0 15,0xFFFF00 15,0xFFFF00 -5,0xFF0000 -5,0xFF0000 -5,0xFF0000 15,0xFFFF00 0 0 0 15,0xFFFF00 0 0 0 0 15,0xFFFF00 0 0 0 15,0xFFFF00 15,0xFFFF00 15,0xFFFF00 15,0xFFFF00 15,0xFFFF00 15,0xFFFF00 15,0xFFFF00 0 0 0
0 0 0 0 0 0 0 0 0 0 0 0 0 0 0 0 0 0 0 0 0 0 0 0 0 0 0 0 0 0 0
0 0 0 0 0 0 0 0 0 0 0 0 0 0 0 0 0 0 0 0 0 0 0 0 0 0 0 0 0 0 0
0 0 0 0 0 0 0 0 0 0 0 0 0 0 0 0 0 0 0 0 0 0 0 0 0 0 0 0 0 0 0
